(0.076497,-0.035282) (0.075941,-0.035272) (0.060512,-0.034796) (0.079443,-0.035351) 
(0.054645,-0.063997) (0.053995,-0.063917) (0.035128,-0.060360) (0.058168,-0.064517) 
(0.022844,-0.080848) (0.022094,-0.080606) (0.000365,-0.069895) (0.026939,-0.082445) 
(-0.012968,-0.082820) (-0.013761,-0.082322) (-0.034569,-0.060840) (-0.008761,-0.086115) 
(0.077490,-0.035307) (0.074940,-0.035245) (0.060652,-0.034802) (0.079801,-0.035359) 
(0.055840,-0.064184) (0.052785,-0.063718) (0.035302,-0.060401) (0.058596,-0.064579) 
(0.024234,-0.081423) (0.020689,-0.079998) (0.000560,-0.070015) (0.027437,-0.082636) 
(-0.011557,-0.084003) (-0.015167,-0.081078) (-0.034401,-0.061070) (-0.008244,-0.086510) 
(0.078444,-0.035330) (0.073928,-0.035218) (0.060860,-0.034810) (0.080082,-0.035365) 
(0.056987,-0.064361) (0.051559,-0.063511) (0.035561,-0.060460) (0.058930,-0.064627) 
(0.025569,-0.081967) (0.019267,-0.079370) (0.000852,-0.070188) (0.027828,-0.082785) 
(-0.010197,-0.085125) (-0.016583,-0.079799) (-0.034146,-0.061407) (-0.007840,-0.086819) 
(0.079347,-0.035352) (0.072912,-0.035190) (0.061137,-0.034820) (0.080281,-0.035370) 
(0.058072,-0.064528) (0.050327,-0.063300) (0.035903,-0.060536) (0.059168,-0.064661) 
(0.026832,-0.082476) (0.017840,-0.078728) (0.001241,-0.070414) (0.028105,-0.082890) 
(-0.008904,-0.086176) (-0.017996,-0.078493) (-0.033802,-0.061848) (-0.007552,-0.087040) 
(0.080191,-0.035372) (0.071901,-0.035161) (0.061481,-0.034833) (0.080395,-0.035373) 
(0.059085,-0.064680) (0.049098,-0.063085) (0.036330,-0.060630) (0.059306,-0.064682) 
(0.028012,-0.082945) (0.016418,-0.078077) (0.001725,-0.070692) (0.028265,-0.082952) 
(-0.007695,-0.087146) (-0.019395,-0.077172) (-0.033370,-0.062391) (-0.007386,-0.087168) 
(0.080965,-0.035391) (0.070902,-0.035132) (0.061892,-0.034848) (0.080424,-0.035373) 
(0.060011,-0.064818) (0.047883,-0.062869) (0.036839,-0.060740) (0.059341,-0.064687) 
(0.029092,-0.083370) (0.015012,-0.077421) (0.002303,-0.071019) (0.028307,-0.082969) 
(-0.006584,-0.088027) (-0.020769,-0.075846) (-0.032849,-0.063032) (-0.007344,-0.087205) 
(0.081658,-0.035407) (0.069922,-0.035103) (0.062370,-0.034865) (0.080367,-0.035372) 
(0.060842,-0.064941) (0.046689,-0.062652) (0.037430,-0.060866) (0.059273,-0.064678) 
(0.030060,-0.083749) (0.013633,-0.076765) (0.002976,-0.071393) (0.028228,-0.082942) 
(-0.005587,-0.088813) (-0.022108,-0.074524) (-0.032240,-0.063768) (-0.007426,-0.087148) 
(0.082262,-0.035421) (0.068968,-0.035075) (0.062913,-0.034884) (0.080226,-0.035369) 
(0.061566,-0.065047) (0.045524,-0.062436) (0.038099,-0.061007) (0.059105,-0.064655) 
(0.030904,-0.084077) (0.012290,-0.076115) (0.003739,-0.071812) (0.028032,-0.082870) 
(-0.004716,-0.089495) (-0.023404,-0.073216) (-0.031542,-0.064594) (-0.007630,-0.086999) 
(0.082770,-0.035433) (0.068045,-0.035046) (0.063518,-0.034904) (0.080000,-0.035364) 
(0.062174,-0.065137) (0.044396,-0.062224) (0.038845,-0.061162) (0.058837,-0.064617) 
(0.031613,-0.084353) (0.010990,-0.075475) (0.004592,-0.072273) (0.027721,-0.082755) 
(-0.003985,-0.090067) (-0.024650,-0.071933) (-0.030758,-0.065505) (-0.007954,-0.086760) 
(0.083175,-0.035442) (0.067159,-0.035018) (0.064184,-0.034927) (0.079696,-0.035357) 
(0.062659,-0.065209) (0.043310,-0.062016) (0.039666,-0.061329) (0.058474,-0.064566) 
(0.032178,-0.084573) (0.009741,-0.074851) (0.005530,-0.072772) (0.027299,-0.082597) 
(-0.003401,-0.090526) (-0.025840,-0.070682) (-0.029887,-0.066494) (-0.008393,-0.086432) 
(0.083471,-0.035449) (0.066314,-0.034992) (0.064909,-0.034951) (0.079316,-0.035349) 
(0.063014,-0.065262) (0.042274,-0.061815) (0.040557,-0.061507) (0.058021,-0.064501) 
(0.032593,-0.084737) (0.008550,-0.074246) (0.006552,-0.073307) (0.026771,-0.082397) 
(-0.002975,-0.090866) (-0.026967,-0.069474) (-0.028933,-0.067556) (-0.008938,-0.086018) 
(0.083655,-0.035454) (0.065514,-0.034965) (0.065690,-0.034976) (0.078867,-0.035339) 
(0.063236,-0.065296) (0.041292,-0.061621) (0.041514,-0.061696) (0.057485,-0.064424) 
(0.032852,-0.084843) (0.007423,-0.073665) (0.007651,-0.073872) (0.026147,-0.082158) 
(-0.002710,-0.091084) (-0.028027,-0.068317) (-0.027898,-0.068682) (-0.009584,-0.085523) 
(0.083726,-0.035456) (0.064763,-0.034941) (0.066522,-0.035002) (0.078353,-0.035327) 
(0.063322,-0.065311) (0.040369,-0.061437) (0.042535,-0.061893) (0.056871,-0.064334) 
(0.032952,-0.084890) (0.006365,-0.073113) (0.008824,-0.074465) (0.025432,-0.081881) 
(-0.002611,-0.091179) (-0.029017,-0.067218) (-0.026785,-0.069866) (-0.010320,-0.084950) 
(0.083681,-0.035455) (0.064065,-0.034917) (0.067403,-0.035030) (0.077783,-0.035313) 
(0.063271,-0.065307) (0.039510,-0.061263) (0.043612,-0.062097) (0.056187,-0.064231) 
(0.032893,-0.084877) (0.005381,-0.072593) (0.010065,-0.075080) (0.024637,-0.081569) 
(-0.002677,-0.091151) (-0.029932,-0.066185) (-0.025600,-0.071100) (-0.011137,-0.084305) 
(0.083524,-0.035452) (0.063422,-0.034896) (0.068327,-0.035058) (0.077161,-0.035298) 
(0.063085,-0.065284) (0.038718,-0.061101) (0.044741,-0.062307) (0.055443,-0.064119) 
(0.032676,-0.084805) (0.004475,-0.072108) (0.011366,-0.075714) (0.023771,-0.081223) 
(-0.002908,-0.090999) (-0.030772,-0.065225) (-0.024347,-0.072372) (-0.012023,-0.083592) 
(0.083255,-0.035447) (0.062837,-0.034876) (0.069289,-0.035086) (0.076497,-0.035282) 
(0.062767,-0.065242) (0.037996,-0.060952) (0.045914,-0.062522) (0.054645,-0.063997) 
(0.032304,-0.084673) (0.003650,-0.071663) (0.012721,-0.076361) (0.022844,-0.080848) 
(-0.003299,-0.090725) (-0.031532,-0.064344) (-0.023034,-0.073676) (-0.012968,-0.082820) 
(0.082880,-0.035439) (0.062312,-0.034858) (0.070283,-0.035115) (0.075797,-0.035265) 
(0.062321,-0.065181) (0.037348,-0.060816) (0.047125,-0.062738) (0.053804,-0.063865) 
(0.031785,-0.084485) (0.002909,-0.071260) (0.014120,-0.077016) (0.021866,-0.080446) 
(-0.003843,-0.090331) (-0.032212,-0.063548) (-0.021668,-0.075001) (-0.013961,-0.081994) 
(0.082404,-0.035428) (0.061848,-0.034842) (0.071302,-0.035144) (0.075069,-0.035246) 
(0.061754,-0.065102) (0.036776,-0.060697) (0.048364,-0.062955) (0.052927,-0.063725) 
(0.031124,-0.084241) (0.002256,-0.070902) (0.015554,-0.077675) (0.020848,-0.080020) 
(-0.004532,-0.089822) (-0.032811,-0.062843) (-0.020259,-0.076338) (-0.014989,-0.081121) 
(0.081835,-0.035415) (0.061448,-0.034828) (0.072340,-0.035173) (0.074320,-0.035227) 
(0.061075,-0.065005) (0.036282,-0.060593) (0.049622,-0.063172) (0.052024,-0.063579) 
(0.030332,-0.083942) (0.001691,-0.070592) (0.017012,-0.078333) (0.019800,-0.079573) 
(-0.005354,-0.089202) (-0.033327,-0.062231) (-0.018817,-0.077675) (-0.016042,-0.080209) 
(0.081179,-0.035401) (0.061113,-0.034816) (0.073387,-0.035201) (0.073558,-0.035207) 
(0.060291,-0.064891) (0.035868,-0.060505) (0.050891,-0.063386) (0.051103,-0.063427) 
(0.029418,-0.083593) (0.001218,-0.070333) (0.018483,-0.078984) (0.018732,-0.079110) 
(-0.006300,-0.088476) (-0.033759,-0.061718) (-0.017353,-0.079002) (-0.017110,-0.079264) 
(0.080445,-0.035383) (0.060843,-0.034806) (0.074435,-0.035229) (0.072789,-0.035186) 
(0.059413,-0.064762) (0.035535,-0.060436) (0.052158,-0.063596) (0.050172,-0.063270) 
(0.028396,-0.083195) (0.000838,-0.070125) (0.019954,-0.079624) (0.017654,-0.078635) 
(-0.007354,-0.087651) (-0.034108,-0.061306) (-0.015882,-0.080309) (-0.018182,-0.078296) 
(0.079644,-0.035364) (0.060641,-0.034800) (0.075475,-0.035256) (0.072019,-0.035164) 
(0.058452,-0.064618) (0.035285,-0.060384) (0.053414,-0.063800) (0.049240,-0.063110) 
(0.027276,-0.082752) (0.000552,-0.069969) (0.021412,-0.080247) (0.016575,-0.078149) 
(-0.008503,-0.086735) (-0.034372,-0.060998) (-0.014415,-0.081586) (-0.019249,-0.077311) 
(0.078782,-0.035343) (0.060506,-0.034795) (0.077956,-0.035316) (0.071256,-0.035143) 
(0.057418,-0.064460) (0.035119,-0.060350) (0.056388,-0.064255) (0.048313,-0.062948) 
(0.026072,-0.082268) (0.000361,-0.069868) (0.024866,-0.081641) (0.015503,-0.077658) 
(-0.009734,-0.085735) (-0.034550,-0.060797) (-0.010897,-0.084447) (-0.020302,-0.076317) 
(0.077872,-0.035321) (0.060439,-0.034793) (0.078514,-0.035329) (0.070504,-0.035121) 
(0.056323,-0.064290) (0.035037,-0.060335) (0.057057,-0.064354) (0.047399,-0.062785) 
(0.024799,-0.081746) (0.000266,-0.069822) (0.025644,-0.081946) (0.014447,-0.077166) 
(-0.011030,-0.084660) (-0.034643,-0.060703) (-0.010096,-0.085079) (-0.021333,-0.075322) 
(0.076921,-0.035297) (0.060441,-0.034794) (0.079013,-0.035341) (0.069769,-0.035099) 
(0.055178,-0.064108) (0.035040,-0.060338) (0.057653,-0.064442) (0.046503,-0.062622) 
(0.023468,-0.081190) (0.000267,-0.069831) (0.026338,-0.082215) (0.013414,-0.076675) 
(-0.012377,-0.083519) (-0.034649,-0.060717) (-0.009381,-0.085635) (-0.022334,-0.074334) 
