(0.990955,-0.073548) (0.946679,-0.262011) (0.980957,0.039119) (0.969230,0.221238) (0.989026,0.044958) 
(0.986123,-0.090822) (0.986455,-0.131285) (0.976371,0.047697) (0.959275,0.260708) (0.984787,0.055839) 
(0.980447,-0.107419) (0.979048,-0.163015) (0.992840,0.031069) (0.948474,0.301138) (0.980196,0.067618) 
(0.974041,-0.123262) (0.970166,-0.194074) (0.989156,0.040173) (0.985692,0.145177) (0.975422,0.080347) 
(0.967016,-0.138295) (0.959916,-0.224373) (0.984963,0.050086) (0.978085,0.182908) (0.992986,0.022587) 
(0.990333,-0.083888) (0.948381,-0.253842) (0.980425,0.060891) (0.969189,0.221493) (0.989378,0.029552) 
(0.985142,-0.103760) (0.986956,-0.126169) (0.975722,0.072641) (0.959218,0.261005) (0.985267,0.037312) 
(0.979012,-0.122962) (0.979826,-0.156624) (0.992538,0.043208) (0.948406,0.301475) (0.980827,0.045953) 
(0.972064,-0.141416) (0.971305,-0.186410) (0.988692,0.055373) (0.985789,0.144261) (0.976213,0.055527) 
(0.964405,-0.159064) (0.961478,-0.215442) (0.984313,0.068362) (0.978237,0.181763) (0.993109,0.010125) 
(0.989677,-0.093572) (0.950431,-0.243650) (0.979571,0.082260) (0.969404,0.220121) (0.989556,0.013945) 
(0.984104,-0.115874) (0.987520,-0.120078) (0.974639,0.097120) (0.959506,0.259407) (0.985512,0.018543) 
(0.977511,-0.137510) (0.980717,-0.149014) (0.992137,0.055029) (0.948777,0.299654) (0.981126,0.024003) 
(0.969994,-0.158401) (0.972596,-0.177283) (0.988077,0.070174) (0.985996,0.142264) (0.976558,0.030377) 
(0.961670,-0.178488) (0.963250,-0.204801) (0.983447,0.086155) (0.978551,0.179270) (0.993115,-0.002400) 
(0.989009,-0.102527) (0.952770,-0.231504) (0.978411,0.103061) (0.969859,0.217133) (0.989552,-0.001742) 
(0.983053,-0.127073) (0.988141,-0.113059) (0.973173,0.120941) (0.960126,0.255927) (0.985492,-0.000323) 
(0.975981,-0.150955) (0.981697,-0.140240) (0.991654,0.066443) (0.949578,0.295685) (0.981067,0.001939) 
(0.967894,-0.174092) (0.974010,-0.166758) (0.987331,0.084461) (0.986311,0.139203) (0.976448,0.005096) 
(0.958897,-0.196425) (0.965189,-0.192528) (0.982390,0.103328) (0.979038,0.175447) (0.993007,-0.014892) 
(0.988346,-0.110684) (0.955325,-0.217488) (0.976997,0.123130) (0.970553,0.212550) (0.989373,-0.017387) 
(0.982015,-0.137272) (0.988798,-0.105164) (0.971364,0.143919) (0.961061,0.250588) (0.985212,-0.019138) 
(0.974478,-0.163195) (0.982726,-0.130370) (0.991106,0.077362) (0.950790,0.289596) (0.980664,-0.020066) 
(0.965826,-0.188374) (0.975506,-0.154913) (0.986473,0.098126) (0.986716,0.135099) (0.975871,-0.020117) 
(0.956160,-0.212742) (0.967240,-0.178710) (0.981175,0.119749) (0.979665,0.170320) (0.992782,-0.027255) 
(0.987714,-0.117983) (0.958031,-0.201701) (0.975374,0.142316) (0.971455,0.206404) (0.989022,-0.032869) 
(0.981021,-0.146394) (0.989468,-0.096452) (0.969268,0.165877) (0.962280,0.243428) (0.984685,-0.037756) 
(0.973030,-0.174141) (0.983774,-0.119476) (0.990500,0.087702) (0.952363,0.281427) (0.979911,-0.041838) 
(0.963841,-0.201139) (0.977033,-0.141834) (0.985542,0.111065) (0.987202,0.129982) (0.974845,-0.045061) 
(0.953549,-0.227322) (0.969336,-0.163448) (0.979840,0.135292) (0.980433,0.163928) (0.992457,-0.039394) 
(0.987127,-0.124368) (0.960799,-0.184258) (0.973584,0.160470) (0.972544,0.198740) (0.988496,-0.048069) 
(0.980100,-0.154374) (0.990127,-0.086988) (0.966966,0.186646) (0.963741,0.234496) (0.983918,-0.056033) 
(0.971694,-0.183713) (0.984822,-0.107638) (0.989860,0.097386) (0.954258,0.271235) (0.978840,-0.063207) 
(0.962011,-0.212298) (0.978549,-0.127619) (0.984555,0.123179) (0.987760,0.123892) (0.973407,-0.069540) 
(0.951133,-0.240063) (0.971421,-0.146854) (0.978436,0.149840) (0.981288,0.156318) (0.992038,-0.051215) 
(0.986606,-0.129793) (0.963560,-0.165282) (0.971688,0.177455) (0.973773,0.189613) (0.987826,-0.062869) 
(0.979275,-0.161152) (0.990765,-0.076844) (0.964520,0.206071) (0.965409,0.223856) (0.982932,-0.073826) 
(0.970507,-0.191840) (0.985823,-0.094947) (0.989213,0.106341) (0.956412,0.259088) (0.977476,-0.084007) 
(0.960380,-0.221771) (0.980008,-0.112375) (0.983547,0.134378) (0.988369,0.116873) (0.971582,-0.093360) 
(0.948989,-0.250873) (0.973431,-0.129050) (0.976988,0.163285) (0.982237,0.147545) (0.991531,-0.062629) 
(0.986162,-0.134217) (0.966210,-0.144917) (0.969748,0.193146) (0.975125,0.179087) (0.987030,-0.077156) 
(0.978583,-0.166678) (0.991357,-0.066098) (0.962012,0.224008) (0.967228,0.211582) (0.981763,-0.090998) 
(0.969503,-0.198466) (0.986752,-0.081498) (0.988566,0.114498) (0.958759,0.245072) (0.975858,-0.104077) 
(0.959003,-0.229490) (0.981368,-0.096215) (0.982545,0.144576) (0.989004,0.108978) (0.969434,-0.116338) 
(0.947173,-0.259681) (0.975305,-0.110172) (0.975559,0.175525) (0.983227,0.137675) (0.973544,0.233172) 
(0.985812,-0.137607) (0.968697,-0.123314) (0.967817,0.207427) (0.976538,0.167242) (0.959194,0.292542) 
(0.978031,-0.170913) (0.991887,-0.054829) (0.959529,0.240326) (0.969134,0.197764) (0.942160,0.352510) 
(0.968709,-0.203541) (0.987592,-0.067393) (0.987946,0.121797) (0.961224,0.229285) (0.922701,0.413087) 
(0.957914,-0.235402) (0.982584,-0.079264) (0.981585,0.153700) (0.989660,0.100266) (0.901103,0.474231) 
(0.945748,-0.266424) (0.976991,-0.090363) (0.974188,0.186471) (0.984241,0.126780) (0.976257,0.216747) 
(0.985567,-0.139938) (0.970941,-0.100637) (0.965965,0.220193) (0.977979,0.154164) (0.963418,0.272120) 
(0.977651,-0.173824) (0.992336,-0.043126) (0.957132,0.254906) (0.971076,0.182502) (0.948196,0.328168) 
(0.968151,-0.207030) (0.988304,-0.052741) (0.987370,0.128182) (0.963739,0.211840) (0.930858,0.384916) 
(0.957154,-0.239466) (0.983628,-0.061650) (0.980690,0.161679) (0.990302,0.090802) (0.911674,0.442345) 
(0.944744,-0.271058) (0.978439,-0.069774) (0.972916,0.196043) (0.985238,0.114943) (0.979704,0.193802) 
(0.985434,-0.141194) (0.972872,-0.077060) (0.964247,0.231352) (0.979406,0.139949) (0.968773,0.243557) 
(0.977443,-0.175391) (0.992694,-0.031076) (0.954907,0.267647) (0.972997,0.165907) (0.955868,0.294068) 
(0.967847,-0.208909) (0.988869,-0.037654) (0.986859,0.133607) (0.966209,0.192865) (0.941226,0.345383) 
(0.956740,-0.241654) (0.984467,-0.043509) (0.979895,0.168457) (0.990914,0.080658) (0.925097,0.397501) 
(0.944200,-0.273552) (0.979609,-0.048565) (0.971777,0.204171) (0.986191,0.102252) (0.983470,0.164996) 
(0.985420,-0.141364) (0.974436,-0.052767) (0.962712,0.240825) (0.980766,0.124705) (0.974626,0.207645) 
(0.977414,-0.175603) (0.992950,-0.018773) (0.952931,0.278458) (0.974828,0.148104) (0.964241,0.251119) 
(0.967808,-0.209162) (0.989282,-0.022247) (0.986427,0.138031) (0.968565,0.172499) (0.952536,0.295485) 
(0.956683,-0.241949) (0.985074,-0.024983) (0.979224,0.173983) (0.991485,0.069912) (0.939753,0.340762) 
(0.944122,-0.273890) (0.980467,-0.026900) (0.970814,0.210796) (0.987079,0.088803) (0.987091,0.131175) 
(0.985511,-0.140447) (0.975594,-0.027947) (0.961415,0.248544) (0.982021,0.108545) (0.980257,0.165419) 
(0.977567,-0.174459) (0.993094,-0.006311) (0.951246,0.287266) (0.976508,0.129226) (0.972291,0.200528) 
(0.968029,-0.207790) (0.989520,-0.006640) (0.986089,0.141421) (0.970730,0.150895) (0.963410,0.236580) 
(0.956986,-0.240352) (0.985429,-0.006213) (0.978687,0.178218) (0.991995,0.058643) (0.953831,0.273613) 
(0.944521,-0.272068) (0.980978,-0.004950) (0.970054,0.215871) (0.987860,0.074698) (0.990135,0.093354) 
(0.985724,-0.138450) (0.976321,-0.002797) (0.960387,0.254457) (0.983134,0.091593) (0.984976,0.118135) 
(0.977892,-0.171965) (0.993122,0.006214) (0.949917,0.294009) (0.977996,0.109416) (0.979040,0.143783) 
(0.968506,-0.204802) (0.989572,0.009047) (0.985843,0.143753) (0.972637,0.128218) (0.972504,0.170383) 
(0.957635,-0.236872) (0.985533,0.012652) (0.978316,0.181129) (0.992418,0.046940) (0.965575,0.197984) 
(0.945386,-0.268099) (0.981143,0.017114) (0.969522,0.219360) (0.988514,0.060046) (0.992228,0.052686) 
(0.986042,-0.135389) (0.976574,0.022485) (0.959667,0.258521) (0.984063,0.073980) (0.988211,0.067240) 
(0.978396,-0.168142) (0.993038,0.018706) (0.948983,0.298644) (0.979237,0.088827) (0.983639,0.082628) 
(0.969228,-0.200220) (0.989459,0.024691) (0.985712,0.145008) (0.974216,0.104641) (0.978671,0.098938) 
(0.958628,-0.231534) (0.985379,0.031468) (0.978115,0.182696) (0.992755,0.034890) (0.973491,0.116220) 
