(0.988600,0.112364) (0.872174,0.550638) (0.980899,0.021374) (0.923874,-0.395008) (0.983343,-0.121793) 
(0.982620,0.141958) (0.966928,0.268164) (0.976200,0.027449) (0.896733,-0.457260) (0.976472,-0.144571) 
(0.975763,0.172452) (0.948946,0.336032) (0.992838,-0.015519) (0.865498,-0.517915) (0.968597,-0.166587) 
(0.968143,0.203928) (0.927600,0.404320) (0.989149,-0.018131) (0.965189,-0.270184) (0.959756,-0.187775) 
(0.959897,0.236427) (0.903104,0.472994) (0.984976,-0.019980) (0.945770,-0.335869) (0.990688,-0.075626) 
(0.986695,0.133867) (0.875714,0.541948) (0.980381,-0.020979) (0.922208,-0.400352) (0.985728,-0.093387) 
(0.979669,0.168833) (0.968216,0.261601) (0.975438,-0.021083) (0.894467,-0.463414) (0.979927,-0.110453) 
(0.971542,0.204693) (0.950944,0.327894) (0.992295,-0.039419) (0.862535,-0.524836) (0.973366,-0.126747) 
(0.962458,0.241523) (0.930455,0.394656) (0.988285,-0.048062) (0.964859,-0.271773) (0.966070,-0.142208) 
(0.952549,0.279356) (0.906960,0.461857) (0.983692,-0.055973) (0.945264,-0.337837) (0.991840,-0.052309) 
(0.984562,0.154339) (0.880713,0.529404) (0.978571,-0.063070) (0.921468,-0.402685) (0.987553,-0.064201) 
(0.976360,0.194399) (0.969837,0.253077) (0.972994,-0.069305) (0.893473,-0.466100) (0.982601,-0.075376) 
(0.966803,0.235334) (0.953468,0.317320) (0.991353,-0.062992) (0.861225,-0.527857) (0.977058,-0.085758) 
(0.956065,0.277210) (0.934059,0.382085) (0.986787,-0.077575) (0.964960,-0.271304) (0.970966,-0.095287) 
(0.944283,0.320053) (0.911836,0.447358) (0.981491,-0.091452) (0.945415,-0.337256) (0.992611,-0.028564) 
(0.982269,0.173625) (0.887007,0.513059) (0.975522,-0.104543) (0.921685,-0.401997) (0.988772,-0.034469) 
(0.972786,0.218463) (0.971742,0.242650) (0.968931,-0.116797) (0.893767,-0.465307) (0.984388,-0.039627) 
(0.961700,0.264142) (0.956430,0.304376) (0.990032,-0.086053) (0.861614,-0.526966) (0.979550,-0.043960) 
(0.949178,0.310720) (0.938296,0.366687) (0.984701,-0.106434) (0.965476,-0.268782) (0.974307,-0.047412) 
(0.935366,0.358210) (0.917557,0.429579) (0.978449,-0.126127) (0.946229,-0.334132) (0.992957,-0.004577) 
(0.979877,0.191580) (0.894408,0.492989) (0.971326,-0.145049) (0.922849,-0.398289) (0.989345,-0.004428) 
(0.969075,0.240845) (0.973876,0.230394) (0.963364,-0.163149) (0.895353,-0.461041) (0.985247,-0.003497) 
(0.956386,0.290907) (0.959746,0.289149) (0.988372,-0.108422) (0.863683,-0.522166) (0.980776,-0.001705) 
(0.941997,0.341812) (0.943037,0.348552) (0.982090,-0.134410) (0.966396,-0.264224) (0.975991,0.001004) 
(0.926065,0.393556) (0.923967,0.408616) (0.974654,-0.159717) (0.947669,-0.328484) (0.992881,0.019461) 
(0.977469,0.208072) (0.902704,0.469290) (0.966101,-0.184259) (0.924925,-0.391584) (0.989249,0.025680) 
(0.965326,0.261384) (0.976170,0.216394) (0.956465,-0.207971) (0.898181,-0.453318) (0.985148,0.032714) 
(0.951030,0.315438) (0.963315,0.271740) (0.986426,-0.129925) (0.867372,-0.513477) (0.980706,0.040648) 
(0.934754,0.370268) (0.948145,0.327797) (0.979028,-0.161285) (0.967694,-0.257660) (0.975973,0.049536) 
(0.916690,0.425854) (0.930869,0.384591) (0.970222,-0.191958) (0.949696,-0.320347) (0.992387,0.043361) 
(0.975106,0.222980) (0.911643,0.442089) (0.960014,-0.221853) (0.927854,-0.381920) (0.988488,0.055610) 
(0.961671,0.279931) (0.978560,0.200751) (0.948442,-0.250899) (0.902159,-0.442181) (0.984101,0.068708) 
(0.945789,0.337565) (0.967031,0.252268) (0.984253,-0.150397) (0.872581,-0.500934) (0.979335,0.082739) 
(0.927680,0.395900) (0.953463,0.304554) (0.975624,-0.186851) (0.969336,-0.249136) (0.974277,0.097758) 
(0.907522,0.454901) (0.938047,0.357651) (0.965279,-0.222598) (0.952263,-0.309772) (0.991493,0.066934) 
(0.972875,0.236197) (0.920944,0.411540) (0.953249,-0.257540) (0.931547,-0.369349) (0.987106,0.085123) 
(0.958205,0.296361) (0.980969,0.183577) (0.939530,-0.291594) (0.907181,-0.427683) (0.982143,0.104186) 
(0.940828,0.357143) (0.970778,0.230871) (0.981922,-0.169683) (0.879150,-0.484591) (0.976723,0.124212) 
(0.920974,0.418549) (0.958820,0.278984) (0.971959,-0.210915) (0.971262,-0.238709) (0.970940,0.145250) 
(0.898835,0.480525) (0.945292,0.327969) (0.959981,-0.251406) (0.955273,-0.296829) (0.990219,0.089995) 
(0.970837,0.247630) (0.930324,0.377826) (0.946001,-0.291050) (0.935888,-0.353950) (0.985126,0.113982) 
(0.955040,0.310560) (0.983323,0.164998) (0.930003,-0.329750) (0.913100,-0.409904) (0.979336,0.138861) 
(0.936300,0.374045) (0.974436,0.207702) (0.979496,-0.187639) (0.886890,-0.464521) (0.972953,0.164720) 
(0.914855,0.438076) (0.964063,0.251263) (0.968160,-0.233297) (0.973422,-0.226453) (0.966094,0.191603) 
(0.890915,0.502585) (0.952362,0.295748) (0.954490,-0.278171) (0.958644,-0.281602) (0.992971,0.001971) 
(0.969059,0.257199) (0.939486,0.341169) (0.938487,-0.322140) (0.940760,-0.335816) (0.989382,0.003774) 
(0.952266,0.322434) (0.985548,0.145154) (0.920140,-0.365095) (0.919738,-0.388942) (0.985323,0.006367) 
(0.932335,0.388166) (0.977901,0.182931) (0.977053,-0.204131) (0.895581,-0.440824) (0.980897,0.009837) 
(0.909503,0.454370) (0.969014,0.221593) (0.964335,-0.253835) (0.975747,-0.212453) (0.976168,0.014225) 
(0.883989,0.520969) (0.959052,0.261215) (0.948971,-0.302702) (0.962283,-0.264192) (0.992861,0.021160) 
(0.967583,0.264836) (0.948144,0.301819) (0.930940,-0.350595) (0.946008,-0.315060) (0.989219,0.027807) 
(0.949975,0.331906) (0.987587,0.124192) (0.910248,-0.397391) (0.926901,-0.364918) (0.985110,0.035273) 
(0.929052,0.399421) (0.981062,0.156744) (0.974663,-0.219039) (0.904963,-0.413625) (0.980654,0.043645) 
(0.905077,0.467348) (0.973533,0.190194) (0.960599,-0.272384) (0.978170,-0.196810) (0.975922,0.052965) 
(0.878266,0.535592) (0.965149,0.224624) (0.943577,-0.324829) (0.966077,-0.244721) (0.992494,0.039762) 
(0.966462,0.270492) (0.956023,0.260066) (0.923587,-0.376227) (0.951484,-0.291818) (0.988651,0.051104) 
(0.948232,0.338915) (0.989362,0.102274) (0.900610,-0.426436) (0.934365,-0.337978) (0.984327,0.063289) 
(0.926565,0.407744) (0.983822,0.129341) (0.972411,-0.232257) (0.914751,-0.383077) (0.979625,0.076408) 
(0.901714,0.476936) (0.977477,0.157307) (0.957066,-0.288813) (0.980611,-0.179635) (0.974641,0.090500) 
(0.873912,0.546386) (0.970457,0.186257) (0.938481,-0.344407) (0.969906,-0.223323) (0.991917,0.057211) 
(0.965728,0.274125) (0.962887,0.216230) (0.916641,-0.398876) (0.957008,-0.266248) (0.987754,0.072951) 
(0.947090,0.343418) (0.990829,0.079568) (0.891514,-0.452057) (0.941929,-0.308298) (0.983071,0.089556) 
(0.924941,0.413089) (0.986094,0.100935) (0.970352,-0.243690) (0.924663,-0.349365) (0.977955,0.107116) 
(0.899511,0.483090) (0.980711,0.123188) (0.953843,-0.303012) (0.983009,-0.161057) (0.972521,0.125671) 
(0.871067,0.553308) (0.974805,0.146417) (0.933836,-0.361308) (0.973652,-0.200155) (0.991198,0.072974) 
(0.965405,0.275714) (0.968492,0.170662) (0.910303,-0.418402) (0.962434,-0.238527) (0.986655,0.092682) 
(0.946585,0.345384) (0.991937,0.056251) (0.883230,-0.474115) (0.949342,-0.276077) (0.981496,0.113271) 
(0.924220,0.415422) (0.987806,0.071749) (0.968551,-0.253258) (0.934402,-0.312708) (0.975853,0.134831) 
(0.898550,0.485776) (0.983144,0.088111) (0.951022,-0.314886) (0.985277,-0.141212) (0.969831,0.157401) 
(0.869813,0.556329) (0.978064,0.105428) (0.929776,-0.375430) (0.977214,-0.175383) (0.990432,0.086573) 
(0.965503,0.275245) (0.972660,0.123740) (0.904770,-0.434695) (0.967582,-0.208857) (0.985476,0.109700) 
(0.946732,0.344805) (0.992656,0.032506) (0.875998,-0.492499) (0.956397,-0.241544) (0.979804,0.133719) 
(0.924433,0.414733) (0.988907,0.042017) (0.967064,-0.260896) (0.943675,-0.273360) (0.973590,0.158717) 
(0.898831,0.484983) (0.984692,0.052362) (0.948697,-0.324358) (0.987357,-0.120250) (0.966920,0.184733) 
(0.870186,0.555439) (0.980114,0.063629) (0.926419,-0.386684) (0.980474,-0.149196) (0.989711,0.097599) 
(0.966016,0.272723) (0.975266,0.075865) (0.900204,-0.447673) (0.972308,-0.177459) (0.984351,0.123494) 
(0.947531,0.341680) (0.992961,0.008519) (0.870028,-0.507120) (0.962885,-0.204955) (0.978214,0.150286) 
(0.925570,0.411026) (0.989358,0.011976) (0.965929,-0.266551) (0.952215,-0.231609) (0.971441,0.178060) 
(0.900361,0.480717) (0.985315,0.016232) (0.946928,-0.331367) (0.989172,-0.098332) (0.964162,0.206857) 
