(0.070646,-0.035124) 
(0.069545,-0.035092) 
(0.068481,-0.035060) 
(0.067460,-0.035028) 
(0.066487,-0.034998) 
(0.065566,-0.034968) 
(0.064701,-0.034939) 
(0.063897,-0.034912) 
(0.063155,-0.034886) 
(0.062477,-0.034863) 
(0.061867,-0.034841) 
(0.061325,-0.034821) 
(0.060853,-0.034804) 
(0.060452,-0.034789) 
(0.060123,-0.034777) 
(0.059867,-0.034767) 
(0.059683,-0.034760) 
(0.059573,-0.034756) 
(0.059536,-0.034755) 
(0.059573,-0.034756) 
(0.059683,-0.034760) 
(0.059867,-0.034767) 
(0.060123,-0.034777) 
(0.060453,-0.034789) 
(0.060854,-0.034804) 
(0.061325,-0.034821) 
(0.061867,-0.034841) 
(0.062478,-0.034863) 
(0.063155,-0.034886) 
(0.063897,-0.034912) 
(0.064702,-0.034939) 
(0.065566,-0.034968) 
(0.066487,-0.034998) 
(0.067460,-0.035028) 
(0.068482,-0.035060) 
(0.069546,-0.035092) 
(0.070646,-0.035124) 
(0.071777,-0.035156) 
(0.072930,-0.035189) 
(0.074097,-0.035220) 
(0.075269,-0.035251) 
(0.076435,-0.035281) 
(0.077585,-0.035309) 
(0.078706,-0.035337) 
(0.079788,-0.035363) 
(0.080817,-0.035386) 
(0.081781,-0.035408) 
(0.082668,-0.035428) 
(0.083465,-0.035445) 
(0.084162,-0.035460) 
(0.084747,-0.035473) 
(0.085211,-0.035482) 
(0.085549,-0.035490) 
(0.085754,-0.035494) 
(0.085822,-0.035495) 
(0.085754,-0.035494) 
(0.085549,-0.035490) 
(0.085211,-0.035483) 
(0.084747,-0.035473) 
(0.084161,-0.035460) 
(0.083465,-0.035446) 
(0.082668,-0.035428) 
(0.081781,-0.035408) 
(0.080817,-0.035386) 
(0.079788,-0.035363) 
(0.078706,-0.035337) 
(0.077584,-0.035310) 
(0.076435,-0.035281) 
(0.075268,-0.035251) 
(0.074097,-0.035220) 
(0.072930,-0.035188) 
(0.071777,-0.035156) 
(0.070646,-0.035124) 
(0.070646,-0.035124) 
(0.070646,-0.035124) 
(0.070646,-0.035124) 
(0.070646,-0.035124) 
(0.070646,-0.035124) 
(0.070646,-0.035124) 
(0.070646,-0.035124) 
(0.070646,-0.035124) 
(0.070646,-0.035124) 
(0.070646,-0.035124) 
(0.070646,-0.035124) 
(0.070646,-0.035124) 
(0.070646,-0.035124) 
(0.070646,-0.035124) 
(0.070646,-0.035124) 
(0.070646,-0.035124) 
(0.070646,-0.035124) 
(0.070646,-0.035124) 
(0.070646,-0.035124) 
(0.070646,-0.035124) 
(0.070646,-0.035124) 
(0.070646,-0.035124) 
(0.070646,-0.035124) 
(0.070646,-0.035124) 
(0.070646,-0.035124) 
(0.070646,-0.035124) 
(0.070646,-0.035124) 
