(6.669458,-0.485300) (-1.774619,-13.351320) 
(6.612618,-0.558684) (-2.061937,-13.177026) 
(6.548952,-0.639723) (-2.377905,-12.977829) 
(6.479007,-0.727345) (-2.717759,-12.754289) 
(6.403382,-0.820444) (-3.076674,-12.507350) 
(6.322731,-0.917877) (-3.449707,-12.238144) 
(6.237760,-1.018535) (-3.831970,-11.948208) 
(6.149179,-1.121330) (-4.218739,-11.639364) 
(6.057696,-1.225219) (-4.605515,-11.313689) 
(5.964077,-1.329213) (-4.988163,-10.973662) 
(5.869069,-1.432397) (-5.362913,-10.621978) 
(5.773435,-1.533928) (-5.726441,-10.261511) 
(5.677866,-1.633049) (-6.075862,-9.895378) 
(5.583150,-1.729095) (-6.408728,-9.526802) 
(5.489950,-1.821446) (-6.723151,-9.158973) 
(5.398983,-1.909618) (-7.017624,-8.795332) 
(5.310883,-1.993160) (-7.291152,-8.439025) 
(5.226283,-2.071702) (-7.543019,-8.093310) 
(5.145755,-2.144949) (-7.773036,-7.761177) 
(5.069847,-2.212679) (-7.981099,-7.445663) 
(4.999100,-2.274657) (-8.167488,-7.149415) 
(4.933942,-2.330778) (-8.332706,-6.874919) 
(4.874816,-2.380922) (-8.477326,-6.624498) 
(4.822095,-2.425007) (-8.602003,-6.400192) 
(4.776084,-2.462985) (-8.707522,-6.203829) 
(4.737098,-2.494813) (-8.794530,-6.036903) 
(4.705394,-2.520491) (-8.863762,-5.900804) 
(4.681100,-2.539996) (-8.915726,-5.796389) 
(4.664454,-2.553315) (-8.950911,-5.724650) 
(4.655482,-2.560457) (-8.969695,-5.685989) 
(4.654267,-2.561425) (-8.972243,-5.680746) 
(4.660799,-2.556209) (-8.958533,-5.708952) 
(4.675056,-2.544831) (-8.928535,-5.770346) 
(4.696952,-2.527270) (-8.881824,-5.864581) 
(4.726361,-2.503524) (-8.818103,-5.990865) 
(4.763083,-2.473616) (-8.736769,-6.148198) 
(4.806919,-2.437570) (-8.637105,-6.335525) 
(4.857557,-2.395396) (-8.518501,-6.551188) 
(4.914726,-2.347149) (-8.380211,-6.793628) 
(4.978025,-2.292898) (-8.221513,-7.060798) 
(5.047086,-2.232733) (-8.041831,-7.350480) 
(5.121411,-2.166795) (-7.840587,-7.660291) 
(5.200560,-2.095260) (-7.617482,-7.987473) 
(5.283947,-2.018339) (-7.372482,-8.329231) 
(5.370997,-1.936337) (-7.105698,-8.682559) 
(5.461150,-1.849579) (-6.817707,-9.044258) 
(5.553723,-1.758486) (-6.509427,-9.411121) 
(5.648032,-1.663544) (-6.182164,-9.779834) 
(5.743403,-1.565321) (-5.837719,-10.147111) 
(5.839099,-1.464468) (-5.478337,-10.509656) 
(5.934411,-1.361719) (-5.106789,-10.864453) 
(6.028524,-1.257887) (-4.726252,-11.208432) 
(6.120751,-1.153863) (-4.340333,-11.538867) 
(6.210326,-1.050619) (-3.953107,-11.853270) 
(6.296536,-0.949173) (-3.568942,-12.149325) 
(6.378594,-0.850607) (-3.192495,-12.425234) 
(6.455859,-0.756038) (-2.828629,-12.679297) 
(6.527654,-0.666573) (-2.482255,-12.910302) 
(6.593364,-0.583352) (-2.158292,-13.117205) 
(6.652391,-0.507452) (-1.861483,-13.299375) 
(6.704237,-0.439910) (-1.596368,-13.456312) 
(6.748411,-0.381677) (-1.367119,-13.587817) 
(6.784548,-0.333598) (-1.177375,-13.693760) 
(6.812294,-0.296387) (-1.030289,-13.774094) 
(6.831404,-0.270611) (-0.928262,-13.828963) 
(6.841708,-0.256668) (-0.873023,-13.858391) 
(6.843088,-0.254769) (-0.865507,-13.862342) 
(6.835594,-0.264946) (-0.905817,-13.840931) 
(6.819227,-0.287041) (-0.993298,-13.794055) 
(6.794171,-0.320714) (-1.126469,-13.721680) 
(6.760637,-0.365456) (-1.303119,-13.623755) 
(6.718948,-0.420581) (-1.520335,-13.500300) 
(6.401639,-0.822585) (-3.084983,-12.501676) 
(6.483840,-0.721360) (-2.694666,-12.769972) 
(6.560382,-0.625294) (-2.321768,-13.013960) 
(6.630607,-0.535597) (-1.971677,-13.232639) 
(6.693897,-0.453449) (-1.649600,-13.425302) 
(6.749689,-0.379996) (-1.360506,-13.591618) 
(6.797483,-0.316292) (-1.109010,-13.731364) 
(6.836843,-0.263280) (-0.899236,-13.844508) 
(6.867390,-0.221765) (-0.734661,-13.931154) 
(6.888875,-0.192397) (-0.618079,-13.991410) 
(6.901078,-0.175637) (-0.551501,-14.025455) 
(6.903906,-0.171746) (-0.536045,-14.033273) 
(6.897310,-0.180800) (-0.572016,-14.014977) 
(6.881389,-0.202643) (-0.658758,-13.970437) 
(6.856251,-0.236933) (-0.794799,-13.899637) 
(6.822132,-0.283130) (-0.977813,-13.802384) 
(6.779356,-0.340519) (-1.204717,-13.678596) 
(6.728314,-0.408240) (-1.471756,-13.528216) 
(6.669458,-0.485300) (-1.774620,-13.351319) 
(6.603312,-0.570607) (-2.108518,-13.148142) 
(6.530500,-0.663003) (-2.468364,-12.919279) 
(6.451599,-0.761277) (-2.848865,-12.665419) 
(6.367349,-0.864217) (-3.244640,-12.387790) 
(6.278433,-0.970618) (-3.650428,-12.087766) 
(6.185643,-1.079296) (-4.061060,-11.767274) 
(6.089695,-1.189131) (-4.471661,-11.428417) 
(5.991453,-1.299062) (-4.877750,-11.073752) 
(5.891637,-1.408112) (-5.275214,-10.706120) 
